0,4768
0.01,4762.2
0.02,4758
0.03,4753.9
0.04,4749.7
0.05,4745.7
0.06,4741.5
0.07,4737.4
0.08,4733.3
0.09,4729.2
0.1,4725
0.11,4720.9
0.12,4716.8
0.13,4712.6
0.14,4708.5
0.15,4704.3
0.16,4700.1
0.17,4695.9
0.18,4691.7
0.19,4687.6
0.2,4683.3
0.21,4679.1
0.22,4674.9
0.23,4670.7
0.24,4666.4
0.25,4662.2
0.26,4658
0.27,4653.7
0.28,4649.4
0.29,4645.2
0.3,4640.9
0.31,4636.6
0.32,4632.3
0.33,4628
0.34,4623.7
0.35,4619.5
0.36,4615.1
0.37,4610.8
0.38,4606.5
0.39,4602.2
0.4,4597.8
0.41,4593.5
0.42,4589.1
0.43,4584.8
0.44,4580.4
0.45,4576.1
0.46,4571.7
0.47,4567.4
0.48,4563
0.49,4558.6
0.5,4554.2
0.51,4549.8
0.52,4545.4
0.53,4541
0.54,4536.6
0.55,4532.2
0.56,4527.7
0.57,4523.3
0.58,4518.9
0.59,4514.4
0.6,4510
0.61,4505.6
0.62,4501.1
0.63,4496.6
0.64,4492.2
0.65,4487.7
0.66,4483.2
0.67,4478.8
0.68,4474.3
0.69,4469.8
0.7,4465.3
0.71,4460.8
0.72,4456.3
0.73,4451.7
0.74,4447.2
0.75,4442.7
0.76,4438.2
0.77,4433.7
0.78,4429.1
0.79,4424.6
0.8,4420
0.81,4415.5
0.82,4410.9
0.83,4406.4
0.84,4401.8
0.85,4397.3
0.86,4392.7
0.87,4388.1
0.88,4383.5
0.89,4378.9
0.9,4374.4
0.91,4369.8
0.92,4365.2
0.93,4360.6
0.94,4355.9
0.95,4351.3
0.96,4346.7
0.97,4342.1
0.98,4337.5
0.99,4332.8
1,4328.2
1.01,4323.5
1.02,4318.9
1.03,4314.3
1.04,4309.6
1.05,4305
1.06,4300.3
1.07,4295.6
1.08,4291
1.09,4286.3
1.1,4281.6
1.11,4276.9
1.12,4272.3
1.13,4267.5
1.14,4262.9
1.15,4258.2
1.16,4253.5
1.17,4248.7
1.18,4244.1
1.19,4239.3
1.2,4234.6
1.21,4229.9
1.22,4225.1
1.23,4220.4
1.24,4215.7
1.25,4210.9
1.26,4206.2
1.27,4201.4
1.28,4196.7
1.29,4191.9
1.3,4187.1
1.31,4182.4
1.32,4177.6
1.33,4172.8
1.34,4168.1
1.35,4163.3
1.36,4158.5
1.37,4153.7
1.38,4148.9
1.39,4144.1
1.4,4139.3
1.41,4134.5
1.42,4129.7
1.43,4124.9
1.44,4120.1
1.45,4115.2
1.46,4110.4
1.47,4105.5
1.48,4100.7
1.49,4095.9
1.5,4091
1.51,4086.2
1.52,4081.3
1.53,4076.5
1.54,4071.6
1.55,4066.7
1.56,4061.9
1.57,4057
1.58,4052.1
1.59,4047.2
1.6,4042.4
1.61,4037.4
1.62,4032.6
1.63,4027.6
1.64,4022.7
1.65,4017.9
1.66,4012.9
1.67,4008
1.68,4003.1
1.69,3998.2
1.7,3993.2
1.71,3988.3
1.72,3983.3
1.73,3978.4
1.74,3973.4
1.75,3968.5
1.76,3963.5
1.77,3958.5
1.78,3953.6
1.79,3948.6
1.8,3943.6
1.81,3938.7
1.82,3933.7
1.83,3928.7
1.84,3923.7
1.85,3918.7
1.86,3913.7
1.87,3908.7
1.88,3903.7
1.89,3898.6
1.9,3893.6
1.91,3888.5
1.92,3883.6
1.93,3878.5
1.94,3873.5
1.95,3868.4
1.96,3863.4
1.97,3858.3
1.98,3853.2
1.99,3848.2
2,3843.1
2.01,3838
2.02,3833
2.03,3827.8
2.04,3822.8
2.05,3817.7
2.06,3812.6
2.07,3807.4
2.08,3802.4
2.09,3797.2
2.1,3792.1
2.11,3787
2.12,3781.8
2.13,3776.7
2.14,3771.5
2.15,3766.4
2.16,3761.2
2.17,3756.1
2.18,3750.9
2.19,3745.7
2.2,3740.5
2.21,3735.3
2.22,3730.2
2.23,3724.9
2.24,3719.7
2.25,3714.5
2.26,3709.3
2.27,3704.1
2.28,3698.8
2.29,3693.6
2.3,3688.4
2.31,3683.1
2.32,3677.8
2.33,3672.6
2.34,3667.3
2.35,3662
2.36,3656.7
2.37,3651.5
2.38,3646.1
2.39,3640.9
2.4,3635.5
2.41,3630.2
2.42,3624.8
2.43,3619.5
2.44,3614.2
2.45,3608.9
2.46,3603.5
2.47,3598.1
2.48,3592.7
