0,0.019422
0.01,0.020037
0.02,0.020652
0.03,0.02126
0.04,0.021863
0.05,0.022459
0.06,0.02305
0.07,0.023634
0.08,0.024213
0.09,0.024786
0.1,0.025353
0.11,0.025914
0.12,0.02647
0.13,0.02702
0.14,0.027565
0.15,0.028104
0.16,0.028638
0.17,0.029167
0.18,0.02969
0.19,0.030208
0.2,0.030722
0.21,0.03123
0.22,0.031733
0.23,0.032231
0.24,0.032724
0.25,0.033212
0.26,0.033696
0.27,0.034175
0.28,0.034649
0.29,0.035119
0.3,0.035584
0.31,0.036044
0.32,0.0365
0.33,0.036952
0.34,0.037399
0.35,0.037842
0.36,0.03828
0.37,0.038714
0.38,0.039144
0.39,0.03957
0.4,0.039992
0.41,0.04041
0.42,0.040823
0.43,0.041233
0.44,0.041639
0.45,0.042041
0.46,0.042439
0.47,0.042833
0.48,0.043223
0.49,0.04361
0.5,0.043992
0.51,0.044372
0.52,0.044747
0.53,0.045119
0.54,0.045487
0.55,0.045852
0.56,0.046213
0.57,0.046571
0.58,0.046925
0.59,0.047276
0.6,0.047624
0.61,0.047968
0.62,0.048309
0.63,0.048646
0.64,0.048981
0.65,0.049312
0.66,0.04964
0.67,0.049964
0.68,0.050286
0.69,0.050604
0.7,0.05092
0.71,0.051232
0.72,0.051541
0.73,0.051848
0.74,0.052151
0.75,0.052452
0.76,0.052749
0.77,0.053044
0.78,0.053335
0.79,0.053624
0.8,0.053911
0.81,0.054194
0.82,0.054474
0.83,0.054752
0.84,0.055027
0.85,0.0553
0.86,0.055569
0.87,0.055836
0.88,0.056101
0.89,0.056363
0.9,0.056622
0.91,0.056879
0.92,0.057133
0.93,0.057384
0.94,0.057634
0.95,0.05788
0.96,0.058124
0.97,0.058366
0.98,0.058606
0.99,0.058843
1,0.059077
1.01,0.059309
1.02,0.059539
1.03,0.059767
1.04,0.059992
1.05,0.060215
1.06,0.060436
1.07,0.060654
1.08,0.060871
1.09,0.061085
1.1,0.061296
1.11,0.061506
1.12,0.061714
1.13,0.061919
1.14,0.062122
1.15,0.062323
1.16,0.062522
1.17,0.062719
1.18,0.062914
1.19,0.063107
1.2,0.063298
1.21,0.063487
1.22,0.063673
1.23,0.063858
1.24,0.064041
1.25,0.064222
1.26,0.064401
1.27,0.064578
1.28,0.064753
1.29,0.064926
1.3,0.065098
1.31,0.065267
1.32,0.065435
1.33,0.065601
1.34,0.065765
1.35,0.065927
1.36,0.066087
1.37,0.066246
1.38,0.066402
1.39,0.066557
1.4,0.066711
1.41,0.066862
1.42,0.067012
1.43,0.06716
1.44,0.067306
1.45,0.067451
1.46,0.067594
1.47,0.067735
1.48,0.067875
1.49,0.068013
1.5,0.06815
1.51,0.068284
1.52,0.068418
1.53,0.068549
1.54,0.068679
1.55,0.068807
1.56,0.068934
1.57,0.06906
1.58,0.069183
1.59,0.069306
1.6,0.069426
1.61,0.069545
1.62,0.069663
1.63,0.069779
1.64,0.069894
1.65,0.070007
1.66,0.070119
1.67,0.070229
1.68,0.070338
1.69,0.070445
1.7,0.070551
1.71,0.070656
1.72,0.070759
1.73,0.070861
1.74,0.070961
1.75,0.07106
1.76,0.071157
1.77,0.071254
1.78,0.071348
1.79,0.071442
1.8,0.071534
1.81,0.071625
1.82,0.071714
1.83,0.071803
1.84,0.071889
1.85,0.071975
1.86,0.072059
1.87,0.072142
1.88,0.072224
1.89,0.072304
1.9,0.072384
1.91,0.072462
1.92,0.072538
1.93,0.072614
1.94,0.072688
1.95,0.072761
1.96,0.072833
1.97,0.072903
1.98,0.072972
1.99,0.073041
2,0.073107
2.01,0.073173
2.02,0.073238
2.03,0.073301
2.04,0.073363
2.05,0.073425
2.06,0.073484
2.07,0.073543
2.08,0.073601
2.09,0.073657
2.1,0.073713
2.11,0.073767
2.12,0.07382
2.13,0.073872
2.14,0.073923
2.15,0.073973
2.16,0.074022
2.17,0.074069
2.18,0.074116
2.19,0.074161
2.2,0.074206
2.21,0.074249
2.22,0.074291
2.23,0.074333
2.24,0.074373
2.25,0.074412
2.26,0.07445
2.27,0.074487
2.28,0.074523
2.29,0.074558
2.3,0.074592
2.31,0.074625
2.32,0.074657
2.33,0.074688
2.34,0.074718
2.35,0.074747
2.36,0.074775
2.37,0.074802
2.38,0.074828
2.39,0.074853
2.4,0.074877
2.41,0.0749
2.42,0.074922
2.43,0.074943
2.44,0.074963
2.45,0.074982
2.46,0.075001
2.47,0.075018
2.48,0.075034
