0,0.43616
0.01,0.43388
0.02,0.43158
0.03,0.42929
0.04,0.42701
0.05,0.42474
0.06,0.42247
0.07,0.42022
0.08,0.41797
0.09,0.41573
0.1,0.41349
0.11,0.41127
0.12,0.40905
0.13,0.40684
0.14,0.40464
0.15,0.40244
0.16,0.40025
0.17,0.39807
0.18,0.3959
0.19,0.39373
0.2,0.39158
0.21,0.38943
0.22,0.38728
0.23,0.38514
0.24,0.38301
0.25,0.38089
0.26,0.37877
0.27,0.37667
0.28,0.37456
0.29,0.37247
0.3,0.37038
0.31,0.3683
0.32,0.36622
0.33,0.36415
0.34,0.36209
0.35,0.36003
0.36,0.35798
0.37,0.35594
0.38,0.3539
0.39,0.35187
0.4,0.34985
0.41,0.34783
0.42,0.34582
0.43,0.34381
0.44,0.34181
0.45,0.33982
0.46,0.33783
0.47,0.33585
0.48,0.33388
0.49,0.33191
0.5,0.32994
0.51,0.32798
0.52,0.32603
0.53,0.32409
0.54,0.32215
0.55,0.32021
0.56,0.31828
0.57,0.31636
0.58,0.31444
0.59,0.31253
0.6,0.31062
0.61,0.30872
0.62,0.30682
0.63,0.30493
0.64,0.30305
0.65,0.30117
0.66,0.29929
0.67,0.29743
0.68,0.29556
0.69,0.2937
0.7,0.29185
0.71,0.29
0.72,0.28816
0.73,0.28632
0.74,0.28449
0.75,0.28266
0.76,0.28084
0.77,0.27902
0.78,0.27721
0.79,0.27541
0.8,0.2736
0.81,0.27181
0.82,0.27001
0.83,0.26823
0.84,0.26644
0.85,0.26467
0.86,0.26289
0.87,0.26113
0.88,0.25936
0.89,0.25761
0.9,0.25585
0.91,0.2541
0.92,0.25236
0.93,0.25062
0.94,0.24889
0.95,0.24716
0.96,0.24543
0.97,0.24371
0.98,0.24199
0.99,0.24028
1,0.23857
1.01,0.23687
1.02,0.23517
1.03,0.23348
1.04,0.23179
1.05,0.23011
1.06,0.22843
1.07,0.22675
1.08,0.22508
1.09,0.22341
1.1,0.22175
1.11,0.22009
1.12,0.21844
1.13,0.21679
1.14,0.21514
1.15,0.2135
1.16,0.21186
1.17,0.21023
1.18,0.2086
1.19,0.20698
1.2,0.20536
1.21,0.20374
1.22,0.20213
1.23,0.20052
1.24,0.19892
1.25,0.19732
1.26,0.19572
1.27,0.19413
1.28,0.19254
1.29,0.19096
1.3,0.18938
1.31,0.1878
1.32,0.18623
1.33,0.18467
1.34,0.1831
1.35,0.18154
1.36,0.17999
1.37,0.17844
1.38,0.17689
1.39,0.17534
1.4,0.1738
1.41,0.17227
1.42,0.17074
1.43,0.16921
1.44,0.16768
1.45,0.16616
1.46,0.16465
1.47,0.16313
1.48,0.16162
1.49,0.16012
1.5,0.15862
1.51,0.15712
1.52,0.15562
1.53,0.15413
1.54,0.15264
1.55,0.15116
1.56,0.14968
1.57,0.14821
1.58,0.14673
1.59,0.14526
1.6,0.1438
1.61,0.14234
1.62,0.14088
1.63,0.13942
1.64,0.13797
1.65,0.13653
1.66,0.13508
1.67,0.13364
1.68,0.13221
1.69,0.13077
1.7,0.12934
1.71,0.12792
1.72,0.12649
1.73,0.12507
1.74,0.12366
1.75,0.12225
1.76,0.12084
1.77,0.11943
1.78,0.11803
1.79,0.11663
1.8,0.11524
1.81,0.11384
1.82,0.11245
1.83,0.11107
1.84,0.10969
1.85,0.10831
1.86,0.10693
1.87,0.10556
1.88,0.10419
1.89,0.10283
1.9,0.10147
1.91,0.10011
1.92,0.098751
1.93,0.097399
1.94,0.096049
1.95,0.094703
1.96,0.093361
1.97,0.092021
1.98,0.090685
1.99,0.089352
2,0.088022
2.01,0.086695
2.02,0.085371
2.03,0.084051
2.04,0.082734
2.05,0.081419
2.06,0.080108
2.07,0.0788
2.08,0.077495
2.09,0.076193
2.1,0.074895
2.11,0.073599
2.12,0.072306
2.13,0.071017
2.14,0.06973
2.15,0.068447
2.16,0.067166
2.17,0.065889
2.18,0.064614
2.19,0.063342
2.2,0.062074
2.21,0.060808
2.22,0.059546
2.23,0.058286
2.24,0.057029
2.25,0.055775
2.26,0.054525
2.27,0.053276
2.28,0.052031
2.29,0.050789
2.3,0.04955
2.31,0.048313
2.32,0.04708
2.33,0.045849
2.34,0.044621
2.35,0.043396
2.36,0.042174
2.37,0.040954
2.38,0.039738
2.39,0.038524
2.4,0.037313
2.41,0.036104
2.42,0.034899
2.43,0.033696
2.44,0.032496
2.45,0.031299
2.46,0.030104
2.47,0.028912
2.48,0.027723
