0,5.2254
0.01,5.199
0.02,5.1728
0.03,5.1466
0.04,5.1205
0.05,5.0944
0.06,5.0684
0.07,5.0424
0.08,5.0166
0.09,4.9907
0.1,4.9649
0.11,4.9392
0.12,4.9135
0.13,4.8879
0.14,4.8624
0.15,4.8369
0.16,4.8114
0.17,4.786
0.18,4.7607
0.19,4.7354
0.2,4.7101
0.21,4.685
0.22,4.6598
0.23,4.6347
0.24,4.6097
0.25,4.5847
0.26,4.5598
0.27,4.5349
0.28,4.5101
0.29,4.4853
0.3,4.4606
0.31,4.4359
0.32,4.4113
0.33,4.3867
0.34,4.3622
0.35,4.3377
0.36,4.3133
0.37,4.2889
0.38,4.2646
0.39,4.2403
0.4,4.2161
0.41,4.1919
0.42,4.1677
0.43,4.1436
0.44,4.1196
0.45,4.0956
0.46,4.0716
0.47,4.0477
0.48,4.0239
0.49,4
0.5,3.9763
0.51,3.9525
0.52,3.9289
0.53,3.9052
0.54,3.8816
0.55,3.8581
0.56,3.8346
0.57,3.8111
0.58,3.7877
0.59,3.7643
0.6,3.741
0.61,3.7177
0.62,3.6945
0.63,3.6713
0.64,3.6482
0.65,3.625
0.66,3.602
0.67,3.579
0.68,3.556
0.69,3.533
0.7,3.5101
0.71,3.4873
0.72,3.4645
0.73,3.4417
0.74,3.419
0.75,3.3963
0.76,3.3736
0.77,3.351
0.78,3.3285
0.79,3.3059
0.8,3.2835
0.81,3.261
0.82,3.2386
0.83,3.2163
0.84,3.1939
0.85,3.1717
0.86,3.1494
0.87,3.1272
0.88,3.105
0.89,3.0829
0.9,3.0608
0.91,3.0388
0.92,3.0168
0.93,2.9948
0.94,2.9729
0.95,2.951
0.96,2.9292
0.97,2.9074
0.98,2.8856
0.99,2.8639
1,2.8422
1.01,2.8205
1.02,2.7989
1.03,2.7773
1.04,2.7558
1.05,2.7343
1.06,2.7128
1.07,2.6914
1.08,2.67
1.09,2.6486
1.1,2.6273
1.11,2.606
1.12,2.5848
1.13,2.5636
1.14,2.5424
1.15,2.5213
1.16,2.5002
1.17,2.4791
1.18,2.4581
1.19,2.4371
1.2,2.4162
1.21,2.3953
1.22,2.3744
1.23,2.3535
1.24,2.3327
1.25,2.312
1.26,2.2912
1.27,2.2706
1.28,2.2499
1.29,2.2293
1.3,2.2087
1.31,2.1881
1.32,2.1676
1.33,2.1471
1.34,2.1267
1.35,2.1063
1.36,2.0859
1.37,2.0656
1.38,2.0453
1.39,2.025
1.4,2.0048
1.41,1.9846
1.42,1.9644
1.43,1.9443
1.44,1.9242
1.45,1.9041
1.46,1.8841
1.47,1.8641
1.48,1.8442
1.49,1.8242
1.5,1.8044
1.51,1.7845
1.52,1.7647
1.53,1.7449
1.54,1.7252
1.55,1.7054
1.56,1.6858
1.57,1.6661
1.58,1.6465
1.59,1.6269
1.6,1.6074
1.61,1.5879
1.62,1.5684
1.63,1.549
1.64,1.5296
1.65,1.5102
1.66,1.4909
1.67,1.4716
1.68,1.4523
1.69,1.4331
1.7,1.4139
1.71,1.3947
1.72,1.3755
1.73,1.3564
1.74,1.3374
1.75,1.3183
1.76,1.2993
1.77,1.2804
1.78,1.2614
1.79,1.2425
1.8,1.2237
1.81,1.2049
1.82,1.1861
1.83,1.1673
1.84,1.1486
1.85,1.1299
1.86,1.1112
1.87,1.0926
1.88,1.074
1.89,1.0554
1.9,1.0369
1.91,1.0184
1.92,0.99991
1.93,0.98148
1.94,0.96308
1.95,0.94472
1.96,0.92638
1.97,0.90809
1.98,0.88982
1.99,0.87159
2,0.8534
2.01,0.83523
2.02,0.8171
2.03,0.799
2.04,0.78094
2.05,0.76291
2.06,0.74491
2.07,0.72695
2.08,0.70902
2.09,0.69112
2.1,0.67326
2.11,0.65542
2.12,0.63763
2.13,0.61986
2.14,0.60213
2.15,0.58444
2.16,0.56677
2.17,0.54914
2.18,0.53155
2.19,0.51398
2.2,0.49645
2.21,0.47896
2.22,0.4615
2.23,0.44407
2.24,0.42667
2.25,0.40931
2.26,0.39198
2.27,0.37469
2.28,0.35743
2.29,0.3402
2.3,0.32301
2.31,0.30585
2.32,0.28872
2.33,0.27163
2.34,0.25457
2.35,0.23755
2.36,0.22056
2.37,0.2036
2.38,0.18668
2.39,0.16979
2.4,0.15294
2.41,0.13612
2.42,0.11934
2.43,0.10259
2.44,0.08587
2.45,0.069188
2.46,0.052541
2.47,0.035928
2.48,0.019349
