0,0.18435
0.01,0.18987
0.02,0.19532
0.03,0.20073
0.04,0.20609
0.05,0.21141
0.06,0.21668
0.07,0.22192
0.08,0.2271
0.09,0.23225
0.1,0.23735
0.11,0.24241
0.12,0.24743
0.13,0.25241
0.14,0.25735
0.15,0.26225
0.16,0.2671
0.17,0.27192
0.18,0.2767
0.19,0.28143
0.2,0.28613
0.21,0.29079
0.22,0.29541
0.23,0.3
0.24,0.30454
0.25,0.30905
0.26,0.31352
0.27,0.31796
0.28,0.32235
0.29,0.32672
0.3,0.33104
0.31,0.33533
0.32,0.33958
0.33,0.3438
0.34,0.34799
0.35,0.35214
0.36,0.35625
0.37,0.36033
0.38,0.36438
0.39,0.3684
0.4,0.37238
0.41,0.37632
0.42,0.38024
0.43,0.38412
0.44,0.38797
0.45,0.39178
0.46,0.39557
0.47,0.39932
0.48,0.40305
0.49,0.40674
0.5,0.4104
0.51,0.41403
0.52,0.41762
0.53,0.42119
0.54,0.42473
0.55,0.42824
0.56,0.43172
0.57,0.43516
0.58,0.43858
0.59,0.44197
0.6,0.44534
0.61,0.44867
0.62,0.45197
0.63,0.45525
0.64,0.4585
0.65,0.46172
0.66,0.46491
0.67,0.46807
0.68,0.47121
0.69,0.47432
0.7,0.4774
0.71,0.48046
0.72,0.48349
0.73,0.48649
0.74,0.48947
0.75,0.49242
0.76,0.49534
0.77,0.49824
0.78,0.50111
0.79,0.50396
0.8,0.50678
0.81,0.50958
0.82,0.51235
0.83,0.5151
0.84,0.51782
0.85,0.52052
0.86,0.52319
0.87,0.52584
0.88,0.52846
0.89,0.53106
0.9,0.53364
0.91,0.53619
0.92,0.53872
0.93,0.54123
0.94,0.54371
0.95,0.54617
0.96,0.54861
0.97,0.55102
0.98,0.55341
0.99,0.55578
1,0.55813
1.01,0.56045
1.02,0.56275
1.03,0.56503
1.04,0.56729
1.05,0.56952
1.06,0.57174
1.07,0.57393
1.08,0.5761
1.09,0.57825
1.1,0.58038
1.11,0.58249
1.12,0.58457
1.13,0.58664
1.14,0.58868
1.15,0.59071
1.16,0.59271
1.17,0.59469
1.18,0.59665
1.19,0.5986
1.2,0.60052
1.21,0.60242
1.22,0.6043
1.23,0.60616
1.24,0.60801
1.25,0.60983
1.26,0.61163
1.27,0.61342
1.28,0.61518
1.29,0.61693
1.3,0.61865
1.31,0.62036
1.32,0.62205
1.33,0.62372
1.34,0.62537
1.35,0.627
1.36,0.62862
1.37,0.63021
1.38,0.63179
1.39,0.63335
1.4,0.63489
1.41,0.63641
1.42,0.63791
1.43,0.6394
1.44,0.64087
1.45,0.64232
1.46,0.64375
1.47,0.64516
1.48,0.64656
1.49,0.64794
1.5,0.6493
1.51,0.65065
1.52,0.65198
1.53,0.65329
1.54,0.65458
1.55,0.65586
1.56,0.65712
1.57,0.65836
1.58,0.65959
1.59,0.6608
1.6,0.66199
1.61,0.66317
1.62,0.66433
1.63,0.66547
1.64,0.66659
1.65,0.66771
1.66,0.6688
1.67,0.66988
1.68,0.67094
1.69,0.67198
1.7,0.67301
1.71,0.67403
1.72,0.67503
1.73,0.67601
1.74,0.67697
1.75,0.67792
1.76,0.67886
1.77,0.67978
1.78,0.68068
1.79,0.68157
1.8,0.68244
1.81,0.6833
1.82,0.68414
1.83,0.68497
1.84,0.68578
1.85,0.68658
1.86,0.68736
1.87,0.68812
1.88,0.68887
1.89,0.68961
1.9,0.69033
1.91,0.69104
1.92,0.69173
1.93,0.69241
1.94,0.69307
1.95,0.69372
1.96,0.69435
1.97,0.69497
1.98,0.69557
1.99,0.69616
2,0.69673
2.01,0.69729
2.02,0.69784
2.03,0.69837
2.04,0.69889
2.05,0.69939
2.06,0.69988
2.07,0.70035
2.08,0.70081
2.09,0.70126
2.1,0.70169
2.11,0.70211
2.12,0.70251
2.13,0.7029
2.14,0.70328
2.15,0.70364
2.16,0.70399
2.17,0.70432
2.18,0.70464
2.19,0.70495
2.2,0.70524
2.21,0.70552
2.22,0.70579
2.23,0.70604
2.24,0.70628
2.25,0.7065
2.26,0.70671
2.27,0.70691
2.28,0.70709
2.29,0.70726
2.3,0.70742
2.31,0.70756
2.32,0.70769
2.33,0.7078
2.34,0.70791
2.35,0.708
2.36,0.70807
2.37,0.70813
2.38,0.70818
2.39,0.70822
2.4,0.70824
2.41,0.70825
2.42,0.70824
2.43,0.70823
2.44,0.70819
2.45,0.70815
2.46,0.70809
2.47,0.70802
2.48,0.70794
